Link no,Name,S_LRP,S_Offset,S_Chainage,E_LRP,E_Offset,E_Chainage,Length (km),Heavy Truck,Medium Truck,Small Truck,Large Bus,Medium Bus,Micro Bus,Utility,Car,Auto Rickshaw,Motor Cycle,Bi-Cycle,Cycle Rickshaw,Cart,Motorized,Non Motorized,Total AADT,(AADT)
N102-1,Mainamati-Kangsanagar (Intersection with Z1219),LRPS,0,0,LRP009,1110,10.206,10.206,231.0,1170.0,336.0,285.0,197.0,224.0,421.0,164.0,5450.0,621.0,196.0,413.0,0.0,9099.0,609.0,9708.0,9708.0
N102-2,Kangsanagar (Int with Z1219)-Debidduar (Int with Z1008),LRP009,1110,10.206,LRP018,2570,20.658,10.452,231.0,1170.0,336.0,285.0,197.0,224.0,421.0,164.0,5450.0,621.0,196.0,413.0,0.0,9099.0,609.0,9708.0,9708.0
N102-3,Debiduar (Int with Z1008)- Companiganj (Int with Z1205),LRP018,2570,20.658,LRP024,1242,25.473,4.815,231.0,1170.0,336.0,285.0,197.0,224.0,421.0,164.0,5450.0,621.0,196.0,413.0,0.0,9099.0,609.0,9708.0,9708.0
N102-4,Companiganj (Int with Z1205) - Mirpur (Int with Z1041),LRP024,1242,25.473,LRP038,408,38.866,13.393,346.0,840.0,575.0,457.0,46.0,436.0,107.0,231.0,2525.0,483.0,124.0,507.0,0.0,6046.0,631.0,6677.0,6677.0
N102-5,Mirpur (Int with Z1041)- Kuti (Int with Z1201),LRP038,408,38.866,LRP042,1928,44.427,5.561,346.0,840.0,575.0,457.0,46.0,436.0,107.0,231.0,2525.0,483.0,124.0,507.0,0.0,6046.0,631.0,6677.0,6677.0
N102-6,Kuti (Int with Z1201)- Dharkhar (Int with Z1202),LRP042,1928,44.427,LRP055,1143,56.883,12.456,346.0,840.0,575.0,457.0,46.0,436.0,107.0,231.0,2525.0,483.0,124.0,507.0,0.0,6046.0,631.0,6677.0,6677.0
N102-7,Dharkhar (Int with Z1202)-Sultanpur (Int with Z1216),LRP055,1143,56.883,LRP062,169,63.061,6.178,346.0,840.0,575.0,457.0,46.0,436.0,107.0,231.0,2525.0,483.0,124.0,507.0,0.0,6046.0,631.0,6677.0,6677.0
N102-8,Sultanpur (Int with Z1216)-Kuatali(Int. with N103),LRP062,169,63.061,LRP070,419,71.456,8.395,98.0,1352.0,1152.0,718.0,189.0,874.0,177.0,512.0,5591.0,858.0,209.0,1041.0,0.0,11521.0,1250.0,12771.0,12771.0
N102-9,Kuatali(Int. with N103)-Gathuria(Int. with N103),LRP070,419,71.456,LRP070,6234,77.271,5.815,98.0,1352.0,1152.0,718.0,189.0,874.0,177.0,512.0,5591.0,858.0,209.0,1041.0,0.0,11521.0,1250.0,12771.0,12771.0
N102-10,"Gathuria(Int. with N103)-Sarail(Kathihat, int. with N2)",LRP070,6234,77.271,LRPE,0,83.382,6.111,98.0,1352.0,1152.0,718.0,189.0,874.0,177.0,512.0,5591.0,858.0,209.0,1041.0,0.0,11521.0,1250.0,12771.0,12771.0
